1.000
2.000
3.000
4.000
5.000
6.000
7.000
8.000
9.000
9.200
9.400
9.600
9.800
10.000
10.200
10.400
10.600
10.800
11.000
12.000
13.000
14.000
15.000
16.000
17.000
18.000
19.000
20.000
21.000
22.000
23.000
24.000
25.000
26.000
27.000
28.000
29.000
30.000
31.000
81.000
131.000
181.000
231.000
281.000
331.000
381.000
431.000
481.000
531.000
581.000
631.000
681.000
731.000
781.000
831.000
881.000
931.000
981.000
1031.000
1081.000
1131.000
1181.000
1231.000
1281.000
1331.000
1381.000
1431.000
1481.000
1531.000
